"CTleaf","gm","chamber","lcl","ucl","pred"
16.9767997745,0.0722354369431446,"ch09",0.118290882500408,0.156368018199972,0.13755579062425
20.012618942,0.0994288225506094,"ch10",0.11612424107688,0.143819025188724,0.130566522621958
20.9081963433333,0.158144783059254,"ch03",0.115310786685177,0.140564424099042,0.128504663818995
20.9253133111111,0.139171987369807,"ch07",0.115294435086713,0.140501146004904,0.12846525597927
20.973083975,0.13385131042356,"ch01",0.115248800443682,0.140326526692185,0.128355275129244
20.9972972112,0.0916832779469188,"ch05",0.115225669879845,0.140238876298181,0.128299529780899
21.0700573925,0.14621036753336,"ch08",0.115156163102459,0.139973022064239,0.128132016375475
21.0969511666667,0.17207831456717,"ch05",0.115130471858421,0.139874081366083,0.128070099711512
21.8628587725,0.109549305512743,"ch09",0.114344270114805,0.137120522996832,0.126306775472878
22.0798055877778,0.0965719482101927,"ch01",0.113987556780715,0.136371769353432,0.125807305856752
23.097516535,0.101436130828115,"ch07",0.112710629926116,0.133226991592679,0.1234642629525
23.8924999225,0.112362497345924,"ch07",0.112011275480703,0.130878209659111,0.12163399848481
23.8925635033333,0.158265932856917,"ch01",0.112011232310017,0.130878093079808,0.12163385210472
23.9019425708333,0.1025055391126,"ch08",0.112004864026339,0.130860895992418,0.121612258981825
23.9129038486667,0.082651632913945,"ch09",0.111997421439248,0.130840797826709,0.1215870231874
23.95544529,0.111271731572271,"ch12",0.111968536268473,0.130715278658977,0.121489081406853
23.9674954425,0.205922879650263,"ch02",0.111960354347459,0.130663683077599,0.1214613387316
23.9841855055,0.114817547158533,"ch12",0.111938255817138,0.130610431903834,0.121422913740899
24.016304015,0.138726829181777,"ch03",0.111881542176169,0.130518741135542,0.121348968338243
24.05528116,0.143879262184762,"ch10",0.111812717817818,0.130407470580759,0.121259232521537
24.86933756,0.120332137366802,"ch03",0.110496977582724,0.128139543437852,0.119385056875803
24.8902983675,0.141596793464851,"ch07",0.110453412909569,0.128093165723397,0.119336799488561
24.999816415,0.118685750999361,"ch03",0.110304386177457,0.127850846970429,0.119084659640028
25.0146536825,0.128987272391945,"ch12",0.110285320758066,0.127818018151434,0.119050500280311
25.068048286,0.0954712085964691,"ch05",0.110216710381597,0.127699877680245,0.118927571616531
25.1288816666667,0.144050400639816,"ch06",0.11013854141178,0.127565278230396,0.118787516897358
25.9042692175,0.142561954811144,"ch11",0.108437455733978,0.125299486421535,0.117002367288833
25.9582219125,0.115395865260744,"ch08",0.108320452050989,0.125143110818814,0.116878153749095
26.11899519,0.162296478518854,"ch01",0.10792512908776,0.124745676144886,0.116508010647001
26.86717224,0.137232038647632,"ch06",0.106137670271349,0.123404480700445,0.11478550689197
26.8971443175,0.0966015606815385,"ch10",0.106047982927518,0.123329955306555,0.114716503150089
26.960371652,0.0889028413396347,"ch12",0.105861629066856,0.123164386649707,0.114570936908653
27.0477614408333,0.126192796002337,"ch09",0.105606179975051,0.122898912709252,0.114369742232317
27.0642830541667,0.128427063174426,"ch11",0.105557885647104,0.122878238223417,0.11433170505782
27.879325677,0.108255948522978,"ch02",0.103380197048793,0.121523911987176,0.112455258863245
27.8975520125,0.100394078349693,"ch02",0.103329898959037,0.121514619007369,0.112413296962196
27.9497292866667,0.0956147159960183,"ch04",0.103165162207766,0.12142764898244,0.112293170916256
27.9722476,0.103223544071259,"ch04",0.103094153346597,0.121368638017771,0.112241327733852
28.1273634593333,0.0739364570468096,"ch07",0.102762191729475,0.121129064622296,0.111884209522104
28.9731391266667,0.0901552409813776,"ch05",0.10017589672734,0.119775855937345,0.109937007636006
29.008430005,0.175165232150517,"ch10",0.100047477407146,0.119721470601238,0.109855758591482
29.0247125625,0.11155174113829,"ch11",0.0999882271117746,0.119696378214645,0.109818271787475
29.0986275675,0.094730429143366,"ch12",0.0997192591760779,0.119628884472049,0.109648099668903
30.0290751458333,0.103143923396034,"ch10",0.0969954967877017,0.118706367886671,0.10750596038845
30.053666595,0.106716842533869,"ch09",0.0969121505730332,0.118685853531689,0.107449344292659
30.0794224211111,0.0920607430361427,"ch04",0.0968344821003704,0.11866377964009,0.107390047489596
30.879930973,0.108627887367713,"ch02",0.0943607909241618,0.11793846097291,0.105547062615142
30.9097828875,0.109051725411408,"ch05",0.0942461740651534,0.117909151546958,0.105478335520638
31.0138568875,0.0883296044525294,"ch11",0.0938762869942861,0.117875259287629,0.105238729326087
31.62580204,0.0598134584261209,"ch12",0.0915414394090497,0.117209934625722,0.103829867849977
31.90904808,0.0595920537273488,"ch08",0.0904341306369041,0.117047810434205,0.103177759679194
31.981842675,0.133972614053706,"ch02",0.0901976373983631,0.116992148609273,0.103010167044224
32.596110345,0.137809757233874,"ch02",0.0878526111184933,0.116633448007677,0.101595958511405
33.072987555,0.108929796388331,"ch06",0.0859649014349819,0.116316552685081,0.100498059578374
33.8546199825,0.112403900754693,"ch06",0.0830910498200931,0.116027213566335,0.0986985325928521
33.8945093175,0.0779914264508971,"ch04",0.0829378113801437,0.115988993047787,0.0986066966706954
