"CTleaf","gm","chamber","lcl","ucl","pred"
17.741886996,0.204293002476258,"ch09",0.176240233674256,0.240291705464175,0.20881069553816
18.274532795,0.200614331556553,"ch05",0.174339087771267,0.235943650383542,0.205803140482222
21.1103003833333,0.195855034304693,"ch03",0.167065348882748,0.211771406249018,0.189791135574333
21.3185349272,0.156106620879596,"ch10",0.166444674881675,0.210348737359794,0.188615350734947
21.5548729712,0.10467419247693,"ch05",0.165630879219539,0.208263979938425,0.187280881035802
21.7053060525,0.188379700510899,"ch05",0.165130278149431,0.206962073280974,0.186431468959159
22.1074506988889,0.21017282883724,"ch07",0.1637070578602,0.203574831750495,0.184160781446489
23.1679380733333,0.137924031507292,"ch01",0.160307778336529,0.194534656528324,0.178172798117313
23.2229766866667,0.152071077173234,"ch07",0.160170973868982,0.194136550189434,0.177862025630018
23.2409734725,0.161908751249214,"ch01",0.160063402847193,0.194007275189108,0.177760407773789
23.4924845675,0.132898042746515,"ch08",0.159447173048208,0.192257522847319,0.176340264281037
23.5935378075,0.16238969813601,"ch09",0.159219427696502,0.191458343382728,0.175769672748256
23.955141065,0.211648727667309,"ch01",0.157760985294792,0.188482502754908,0.173727899946557
24.0037434575,0.102674176983207,"ch09",0.157538520439389,0.188174210304268,0.173453469224362
24.0298322022222,0.148475387526855,"ch12",0.157421201776602,0.187947890016758,0.173306160569643
24.06670904,0.185850329892113,"ch03",0.157251804534249,0.187627982845402,0.173097937543921
24.1023859975,0.340644299561645,"ch02",0.157087919055444,0.187353541723124,0.172896489575851
24.1497925125,0.142902744190305,"ch08",0.156900139475807,0.187135925157945,0.172628811309844
24.390898703,0.264030627869734,"ch12",0.15625435906983,0.18569399480316,0.1712674185351
24.487946035,0.120388334485189,"ch10",0.155901566166435,0.185043785421237,0.170719446140369
24.944078445,0.183639787086031,"ch07",0.153599044813862,0.181692919453255,0.168143919705263
24.948795317,0.177602648852321,"ch07",0.1535732411471,0.181659005574838,0.168117286148295
25.425355435,0.171299226554175,"ch03",0.15108578062471,0.178290119829905,0.165426415789344
25.455959035,0.18974312906359,"ch05",0.150949226683211,0.178102453033739,0.165253614253909
25.50706577,0.201821854445551,"ch03",0.15072118729891,0.177630594045377,0.164965042900244
25.5997043177778,0.141758627740344,"ch06",0.150356572779341,0.176956183472189,0.164441964461877
26.6480631825,0.212125327016068,"ch11",0.14470544812882,0.171011209065244,0.158522464092304
26.9522814755,0.165592063835083,"ch12",0.142924742486529,0.169484074055964,0.156804712320041
27.0204844475,0.254557900803966,"ch12",0.142403616463089,0.169125323374369,0.156419608009346
27.1062246958333,0.095376435477996,"ch09",0.142041438599078,0.168674325449372,0.155935480437409
27.1130976675,0.162019250805609,"ch01",0.141991728218968,0.168608727368406,0.155896672582876
27.1576938625,0.16222040826736,"ch10",0.141737848828569,0.168384763022427,0.155644862633375
27.2280130391667,0.157231427520975,"ch11",0.141417993339956,0.16812321827964,0.155247809290027
28.1006766504,0.0758914920963369,"ch02",0.135653273269378,0.16384773606042,0.150320362455706
28.121040345,0.128236397571112,"ch04",0.135534957465001,0.163699708143224,0.150205379979984
28.1412329675,0.172982842337227,"ch04",0.135417635612533,0.163581051856893,0.150091363453417
28.3255746206667,0.219723472997801,"ch10",0.134069117590725,0.162665533479702,0.149050488500414
28.4953637125,0.227309723122253,"ch06",0.132580439277145,0.161970014705781,0.14809178378042
28.74661344,0.126339943857047,"ch07",0.131062231175278,0.161116964398668,0.146673116084807
29.12530184,0.113635117736562,"ch11",0.128447847988102,0.159942517780326,0.144534872970559
29.1688214933333,0.212974372790514,"ch05",0.128120017827918,0.159905181155291,0.144289141654062
29.324225905,0.0431123276308782,"ch12",0.126868703484662,0.159399243081505,0.14341165923535
29.7530255325,0.101518523350107,"ch10",0.123644196718589,0.157879983114078,0.140990465845497
29.9467258444444,0.125512847577146,"ch10",0.121987697657648,0.157428024576022,0.139896747743113
30.176400185,0.101479295242475,"ch09",0.119945715545828,0.156884920193081,0.138599904277054
30.6426792141666,0.153512685396338,"ch04",0.11647998118477,0.155415268153168,0.135967085517796
30.9319432533333,0.0706897217910156,"ch11",0.114225458883006,0.154640212048058,0.134333772113034
31.0072936065,0.203923806760498,"ch02",0.113639073811614,0.154475169213982,0.133908310509735
31.2283568375,0.1654373273023,"ch05",0.111903085601232,0.1537371402723,0.132660089197704
32.2033012708333,0.174927854925442,"ch02",0.103946557783054,0.150908035554022,0.127155119356142
32.9769029625,0.122166905237758,"ch12",0.0977265108151198,0.148456569442347,0.122787020173868
33.1235160825,0.105585641299577,"ch02",0.0963888428787844,0.147987980199838,0.121959177297513
34.21356964,0.0625429235937627,"ch06",0.0870611670569046,0.144515873108312,0.115804250150324
34.4531955725,0.102418449580708,"ch04",0.0849332088066465,0.144000022999621,0.114451215570539
34.4639825825,0.0994760412767519,"ch08",0.0848374165579294,0.143980470847587,0.11439030731495
